id,text,true_label,pred_label,prob_ham,prob_smishing,prob_spam
0,what do u want for xma how about free text messag a new video phone with half price line rental call free now on to find out more,smishing,ham,0.6486821339453075,0.3056245712778627,0.045693294776827806
1,dont know you bring some food,ham,ham,0.9913863848458359,0.004474784459338138,0.004138830694824745
2,it s onli ard rest all ard at least which is price 4 2 bedrm,ham,ham,0.9859337715487884,0.008296462603079124,0.005769765848131695
3,oh fine i ll be by tonight,ham,ham,0.9940183189453506,0.0030619305284470427,0.0029197505262017203
4,just check in on you realli do miss see jeremiah do have a great month,ham,ham,0.996569590086144,0.0018480957222325178,0.0015823141916230076
5,lol ok i ll snatch her purs too,ham,ham,0.9930991619315322,0.003412495707966927,0.0034883423605020524
6,you have an import custom servic announc calnumb now,smishing,smishing,0.17734848986040003,0.787610494775345,0.0350410153642553
7,which is whi i never want to tell you ani of thi which is whi i m so short with you and on edg as of late,ham,ham,0.9982433021493311,0.0011544821855582292,0.0006022156651094619
8,i m on the bu love you,ham,ham,0.9937112693387037,0.003396607544030723,0.002892123117266456
9,me 2 babe i feel the same let just 4get about it both tri cheer up not fit soo muchxxlov u locaxx,ham,ham,0.9977324148236557,0.0010284325873565756,0.001239152588985995
10,noth spl wat abt u and whr ru,ham,ham,0.981451933734878,0.009486494267786654,0.009061571997335769
11,yeah probabl but not sure ilol let u know but person i wuldnt bother then again if ur goin to then i mite as well,ham,ham,0.9984008186167114,0.0008182148050298413,0.000780966578257322
12,shall i bring us a bottl of wine to keep us amus onli joke i ll bring one anyway,ham,ham,0.9923557247274903,0.0036340615081557853,0.004010213764354415
13,i wa just callin to say hi take care bruv,ham,ham,0.9949928706684084,0.0026827595626275546,0.00232436976896583
14,free for 1st week no1 nokia tone 4 ur mob everi week just txt nokia to zed pobox w45wq norm p tone 16,spam,spam,0.013100171150042623,0.015050723278924072,0.9718491055710327
15,no need to ke qi too bore izzit y suddenli thk of thi,ham,ham,0.9925035988809792,0.0037182495602068807,0.0037781515588153295
16,wa gr8 to see that messag so when r u leav congrat dear what school and wat r ur plan,ham,ham,0.9960478178482561,0.002305716764416283,0.0016464653873279193
17,ok tell me later,ham,ham,0.9977155768880497,0.0010839420768100662,0.0012004810351410222
18,smile in pleasur smile in pain smile when troubl pour like rain smile when sum1 hurt u smile becoz someon still love to see u smile keep smile,ham,ham,0.9889891318887619,0.005488482202288276,0.005522385908951785
19,navratra special launch 9th oct chd presnt phase 3 of avenue71 shona road gurgaon rs leas rs as inaugur discount sm icd to,spam,ham,0.7241721738673806,0.19082425923592417,0.08500356689669643
20,aah bless how s your arm,ham,ham,0.9549840205846091,0.025649038517855764,0.019366940897533977
21,yay can t wait to parti togeth,ham,ham,0.9639376282875337,0.020482941639327137,0.01557943007313759
22,you want to go,ham,ham,0.9956857346867088,0.0026169303081271184,0.0016973350051631075
23,a link to your pictur ha been sent you can also use,smishing,ham,0.944321675100882,0.0464769786696024,0.009201346229513336
24,i wonder if you ll get thi text,ham,ham,0.9841600729879227,0.008500822344149379,0.007339104667926798
25,parti s at my place at usf no charg but if you can contribut in ani way it is greatli appreci and yeah we got room for one more,ham,ham,0.9992458027992556,0.00036951488373929343,0.00038468231700251464
26,minimum walk is 3mile a day,ham,ham,0.9724642164262056,0.016464443256367367,0.011071340317427118
27,just now saw your messag it k da,ham,ham,0.9717174027256318,0.0165894716113309,0.011693125663037252
28,pl give her the food prefer pap veri slowli with load of sugar you can take up to an hour to give it and then some water veri veri slowli,ham,ham,0.9981743356523655,0.000848801308602857,0.0009768630390315622
29,hiya comin 2 bristol 1 st week in april le got off rudi on new yr eve but i wa snore they were drunk u bak at colleg yet my work send ink 2 bath,ham,ham,0.9959240901965112,0.0016052553076065122,0.0024706544958832026
30,monthli password for wap mobsi com is use your wap phone not pc,spam,ham,0.8595462058090134,0.07769253071665597,0.06276126347432955
31,k k what are detail you want to transfer acc no enough,ham,ham,0.9933266713190956,0.00460550067984494,0.002067828001059349
32,want to send me a virtual hug i need one,ham,ham,0.9964874594525593,0.0012509761003519433,0.0022615644470879246
33,free minut to ani mobil free text free camcord repli or call,smishing,smishing,0.1426948849228838,0.6794669384444424,0.17783817663267049
34,thanx 4 send me home,ham,ham,0.9952525791527325,0.00192658472827253,0.0028208361189952353
35,she said do u mind if i go into the bedroom for a minut ok i sed in a sexi mood she came out 5 minut latr wid a cake n my wife children were there with her,ham,ham,0.9906411478839764,0.004693093085333225,0.00466575903069694
36,me fine absolutli fine,ham,ham,0.9715716767562892,0.016522470683118625,0.011905852560592395
37,you have 1 new messag pleas call,smishing,smishing,0.3497784301150499,0.6354863522369434,0.014735217648005153
38,saw guy and doll last night with patrick swayz it wa great,ham,ham,0.9919612709629604,0.0038287711335281763,0.004209957903510801
39,ye gauti and sehwag out of odi seri,ham,ham,0.9811408955543256,0.0112606542273253,0.007598450218347779
40,well ball time to make call,ham,ham,0.9794789184069415,0.013948004130489926,0.006573077462568721
41,revers is cheat that is not mathemat,ham,ham,0.9794154467874614,0.012437852655890726,0.008146700556646187
42,dear paytm custom your paytm kyc ha expir contact custom care no immedi your account will block within 24 hr thank you paytm team,smishing,smishing,0.015376117315956186,0.9813306631309674,0.0032932195530775326
43,good friend care for each other close friend understand each other and true friend stay forev beyond word beyond time gud ni8,ham,ham,0.9809878181495725,0.009646707202094559,0.009365474648334062
44,ree entri in 2 a weekli comp for a chanc to win an ipod txt pod to to get entri std txt rate t c s appli for detail 18,spam,spam,0.07127158311484519,0.12432327423498317,0.8044051426501743
45,enjoy ur life good night,ham,ham,0.9804898280642319,0.007001964425443535,0.012508207510324717
46,mind blastin no more tsunami will occur from now on rajnik stop swim in indian ocean d,ham,ham,0.9409669943389039,0.02359093651445799,0.03544206914663725
47,i have had two more letter from i will copi them for you co one ha a messag for you speak soon,ham,ham,0.9790877703085193,0.015580336219402168,0.005331893472075978
48,fanci a shag i do interest sextextuk com txt xxuk suzi to txt cost 1 50 per msg tnc on websit x,spam,ham,0.48571388751894634,0.21240875224955583,0.30187736023149625
49,sorri for the delay ye master,ham,ham,0.9653113424681743,0.0169481862600662,0.017740471271759452
50,which channel,ham,ham,0.8345605814461395,0.07387256599979852,0.0915668525540622
51,k did you call me just now ah,ham,ham,0.9942039817844599,0.0036975277383118916,0.0020984904772269894
52,well then you have a great weekend,ham,ham,0.9873376976397786,0.009009701332936356,0.0036526010272857775
53,you have won 1 cash or a 2 prize to claim call t c rstm sw7 3ss ppm,smishing,smishing,0.012133725536906885,0.984074678599764,0.0037915958633306227
54,it just seem like weird time that the night that all you and g want is for me to come smoke is the same day as when a shitstorm is attribut to me alway come over and make everyon smoke,ham,ham,0.9998703385557728,7.492798832421246e-05,5.473345590246849e-05
55,yo you around a friend of mine s lookin to pick up later tonight,ham,ham,0.9955433006217879,0.0023422511639240775,0.002114448214289135
56,we walk from my mom right on stagwood pass right on winterston left on victor hill address is lt gt,ham,ham,0.9958662936022395,0.0022605434373061746,0.001873162960456526
57,beauti truth against graviti read care our heart feel light when someon is in it but it feel veri heavi when someon leav it,ham,ham,0.9933315910947044,0.003593657933773009,0.0030747509715217357
58,my friend just got here and say he s up hi order by a few gram he s got lt gt when can you get here,ham,ham,0.999670109858851,0.0001204257657334123,0.00020946437541851244
59,ye it possibl but dint tri pl dont tell to ani one k,ham,ham,0.9888835706800114,0.005565090519545113,0.005551338800446401
60,44 do you want a new nokia i colour phone deliveredtomorrow with free minut to ani mobil free text free camcord repli or call,smishing,smishing,0.11620756272130203,0.7085686386702404,0.17522379860845655
61,you also didnt get na hi hi hi hi hi,ham,ham,0.9803091189089727,0.008657186794507351,0.011033694296521084
62,hai ana tomarrow am come on morn lt decim gt ill be there in sathi then we ll go to rto offic repli me after came to home,ham,ham,0.9997980548750066,0.00010564271628311576,9.630240870710604e-05
63,the lay man just to let you know you are miss and thought off do have a great day and if you can send me bimbo and ugo s number ill appreci safe,ham,ham,0.9996551684315147,0.00021127218398356407,0.0001335593844982165
64,thank love but am i do torch or bold,ham,ham,0.9896137319202768,0.005851723985130192,0.004534544094593792
65,dear we got lt gt dollar hi hi,ham,ham,0.993542862346284,0.003742449999957055,0.0027146876537585823
66,stop the stori i ve told him i ve return it and he s say i should not re order it,ham,ham,0.9949027050963586,0.0024626121651116425,0.0026346827385268076
67,smith wast da i wanna gayl,ham,ham,0.9739012574715297,0.013659463690937842,0.012439278837531773
68,eastend tv quiz what flower doe dot compar herself to d violet e tulip f lili txt d e or f to now 4 chanc 2 win cash wkent p16,spam,spam,0.3547779127367625,0.12590009315189024,0.5193219941113477
69,had your mobil 11 month or more u r entitl to updat to the latest colour mobil with camera for free call the mobil updat co free on,smishing,smishing,0.07899858643842608,0.7944591071562671,0.1265423064053042
70,ok c then,ham,ham,0.9942175478324268,0.0027489629334926575,0.0030334892340800695
71,privat your account statement for show unredeem bonu point to claim call identifi code expir,smishing,smishing,0.008540349404705647,0.9867927645896336,0.004666886005659583
72,s fine anytim all the best with it,ham,ham,0.9869930907456953,0.006656180404815557,0.006350728849488283
73,no i meant the calcul is the same that lt gt unit at lt gt thi school is realli expens have you start practic your accent becaus it import and have you decid if you are do 4year of dental school or if you ll just do the nmde exam,ham,ham,0.9998048627853262,0.00014988542508209522,4.525178959244155e-05
74,you avail now i m like right around hillsborough amp lt gt th,ham,ham,0.9964830988742712,0.001646422130457074,0.001870478995271374
75,you are be rip off get your mobil content from call poli true pix rington game six download for onli 3,smishing,ham,0.6865187831157433,0.1262492636907405,0.18723195319351874
76,what is the plural of the noun research,ham,ham,0.9862750757438438,0.007495652962279747,0.006229271293878167
77,convey my regard to him best wish,ham,ham,0.9810820566004304,0.008621290076789467,0.010296653322780666
78,ask 3mobil if chatlin inclu in free min india cust serv sed ye l8er got mega bill 3 dont giv a shit bailiff due in day i o 3 want,spam,ham,0.9805506330813656,0.01109110307580952,0.008358263842821557
79,urgent we are tri to contact u today draw show that you have won a prize guarante call from land line claim c52 valid12hr onli,smishing,smishing,0.0032597622722449807,0.9965406448926472,0.00019959283510947908
80,wat r u do,ham,ham,0.988415778691098,0.007044087841092537,0.004540133467809355
81,unless it s a situat where you go gurl would be more appropri,ham,ham,0.9946881528619822,0.002486096093055236,0.0028257510449622983
82,do have a nice day today i love you so dearli,ham,ham,0.9964824538091722,0.002381759707982017,0.0011357864828453312
83,mayb you should find someth els to do instead,ham,ham,0.9853841356642093,0.010034655925619328,0.004581208410170987
84,argh my 3g is spotti anyway the onli thing i rememb from the research we did wa that provinc and sterl were the onli problem free place we look at,ham,ham,0.9976417842497551,0.0014258789129303858,0.0009323368373167699
85,arngd marriag is while u r walkin unfortuntli a snake bite u bt love marriag is danc in frnt of d snake amp sayin bite me bite me,ham,ham,0.9880738521855288,0.006931246851576382,0.004994900962894976
86,the messag sent is askin for lt gt dollar shoul i pay lt gt or lt gt,ham,ham,0.9975471289026457,0.001398539518498027,0.001054331578856755
87,wait in e car 4 my mum lor u leh reach home alreadi,ham,ham,0.9969727011603853,0.0017598284977419342,0.0012674703418736905
88,still in the area of the restaur ill tri to come back soon,ham,ham,0.9975057011333941,0.0012225081105337174,0.0012717907560695907
89,and i don t plan on stay the night but i prolli won t be back til late,ham,ham,0.9942616241258088,0.003097739510293377,0.002640636363901176
90,now get rid off cockroach termit bedbug rat ani pest4best deal inpestcontrolservic chemic herbal odorlessdi n ask,spam,ham,0.9817185758267408,0.008628574500773301,0.009652849672485518
91,as i enter my cabin my pa said happi b day boss i felt special she askd me 4 lunch,ham,ham,0.9832704920805871,0.009364828582728609,0.007364679336681118
92,wa the farm open,ham,ham,0.9588878033403017,0.023378329103673965,0.01773386755602595
93,alert your rbc royal bank ha been suspend to unlock your account click here,smishing,ham,0.5130620748391309,0.4505159765052413,0.03642194865562586
94,think da you wil do,ham,ham,0.9952622358583754,0.003369457974894384,0.001368306166729434
95,oh the grand is have a bit of a parti but it doesn t mention ani cover charg so it s probabl first come first serv,ham,ham,0.9975477662225488,0.0011632250258521656,0.0012890087515984472
96,sorri man my account s dri or i would if you want we could trade back half or i could buy some shit with my credit card,ham,ham,0.9971378871888716,0.002092102891391989,0.0007700099197340003
97,ye but i dont care i need you bad princess,ham,ham,0.9937034493026347,0.0036386868773186417,0.0026578638200470124
98,yo chad which gymnast class do you wanna take the site say christian class is full,ham,ham,0.9942990768096883,0.002930420118833345,0.0027705030714804705
99,did u get that messag,ham,ham,0.974227716597205,0.014776884034589774,0.010995399368206583
100,i donno if they are scorabl,ham,ham,0.932210894345733,0.04333012423980337,0.02445898141446383
101,good afternoon loverboy how goe you day ani luck come your way i think of you sweeti and send my love across the sea to make you smile and happi,ham,ham,0.9993719963818765,0.0003256188246143038,0.00030238479350663496
102,mm i am on the way to railway,ham,ham,0.9941430246383238,0.0031519774705814157,0.0027049978910962534
103,eeri nokia tone 4u rpli tone titl to eg tone dracula to titl ghost addamsfa munster exorcist twilight pobox w45wq p,spam,spam,0.11793370404964573,0.09193523937945657,0.7901310565708954
104,ok congrat,ham,ham,0.9607102392313633,0.02849789924065087,0.010791861527986238
105,lol boo i wa hope for a laugh,ham,ham,0.9745639920738999,0.013434262684087154,0.012001745242013554
106,these won t do have to move on to morphin,ham,ham,0.9665991472413499,0.023240610702335664,0.010160242056314307
107,sorri i ll call later hv some work,ham,ham,0.9981144668724155,0.0010097575878328761,0.0008757755397500815
108,how much for an eighth,ham,ham,0.9803798300838799,0.01124926373824976,0.008370906177870235
109,i luv u soo much u don t understand how special u r 2 me ring u 2morrow luv u xxx,ham,ham,0.9882508998636389,0.00582772529758963,0.00592137483877271
110,privat your account statement for show un redeem s i m point call identifi code expir 18 11 04,smishing,smishing,0.007657178280599438,0.9876628896541195,0.004679932065279193
111,lolnic i went from a fish to water,ham,ham,0.9434390028326061,0.032373657240599055,0.02418733992679592
112,u should make a fb list,ham,ham,0.9513632904815493,0.029114898076504945,0.019521811441946365
113,but i m realli realli broke oh no amount is too small even lt gt,ham,ham,0.9975291048272579,0.0015511475808758824,0.0009197475918642882
114,ok help me ask if she s work tmr a not,ham,ham,0.9984127548426768,0.0008580511498873567,0.0007291940074367116
115,crucifi is c not s you should have told me earlier,ham,ham,0.9884807645355158,0.007380079308413783,0.004139156156071153
116,dear custom your order of 42 84 euro ha been approv if you didnt purchas anyth or it you believ an unauthor person ha access your account pleas access the link below,smishing,ham,0.8209888466287556,0.1636126238436697,0.015398529527572587
117,k i might come by tonight then if my class let out earli,ham,ham,0.9983409407958379,0.0009041011074341609,0.0007549580967276891
118,thi week savamob member offer are now access just call for detail savamob pobox la3 2wu onli 1 50 week savamob offer mobil,smishing,smishing,0.34442650896642185,0.472874413198753,0.18269907783482417
119,you have won a guarante cash or a prize to claim yr prize call our custom servic repres on between 10am 7pm,smishing,smishing,0.001547532303882484,0.9968656458519074,0.0015868218442098934
120,log off 4 wat it s sdryb8i,ham,ham,0.9828465869766052,0.012419632302167255,0.004733780721226254
121,but i have to i like to have love and arrang,ham,ham,0.990769126844829,0.00589973727196667,0.003331135883205856
122,record indic you were involv in an accid in the last 2 5 year as such you are entitl to claim compens repli claim for info or stop to opt out,smishing,ham,0.6366989560994787,0.2935541974309204,0.06974684646960094
123,haha dont be angri with yourself take it as a practic for the real thing,ham,ham,0.994589450448515,0.0024514418664381317,0.0029591076850483716
124,thi is ur face test 1 2 3 4 5 6 7 8 9 lt gt select ani number i will tell ur face astrolog am wait quick repli,ham,ham,0.9949619927817895,0.0033819488747221867,0.0016560583434847406
125,doubl min and txt 4 6month free bluetooth on orang avail on soni nokia motorola phone call mobileupd8 on,spam,spam,0.22182634013124597,0.12233877763810687,0.6558348822306498
126,ya ok vikki vl c witin lt gt min and il repli u,ham,ham,0.9943064359730828,0.0026485938535685608,0.0030449701733479984
127,i ju reach home i go bath first but my si use net tell u when she finish k,ham,ham,0.9990166342484756,0.00044413314788100273,0.0005392326036447163
128,wat happen to the cruis thing,ham,ham,0.9824944259306898,0.010793032463282016,0.006712541606026443
129,we have all rounder so not requir,ham,ham,0.972110183980058,0.0214855718341091,0.006404244185833635
130,freemsg feelin kinda lnli hope u like 2 keep me compani jst got a cam mobi wanna c my pic txt or repli date to msg p 2rcv hlp stop to,spam,ham,0.5100708883328998,0.07839059924291822,0.41153851242417866
131,you ve won tkt to the euro cup final or cash to collect call b pobox ppm,smishing,smishing,0.14499386053155147,0.7993129111216899,0.055693228346756704
132,i will come to ur home now,ham,ham,0.9941589605896828,0.0028803520729689626,0.002960687337348738
133,dont know support ass and srt i thnk i think ps3 can play through usb too,ham,ham,0.992829952873334,0.0037221597742917957,0.0034478873523742046
134,you pleas give us connect today itself befor lt decim gt or refund the bill,ham,ham,0.9870727298663714,0.009070167286109317,0.003857102847519108
135,free polyphon rington text super to to get your free poli tone of the week now 16 sn pobox nr31 7z subscript pw,spam,spam,0.4510589095849255,0.0549559335167183,0.49398515689835854
136,meet top 35 us univers in delhi at india habitat centr lodhi road on nov 8th 2 to 6 pm for student admiss entri free detail contact,spam,ham,0.9452126152124365,0.028695907556544727,0.026091477231019084
137,even v good if somewhat event laden will fill you in don t you worri head ok but throat wreck see you at six then,ham,ham,0.998587231767535,0.0007496262889287555,0.000663141943535557
138,hang out with my brother and hi famili,ham,ham,0.9785390504181168,0.011418366770247022,0.01004258281163643
139,freemsg hey i m buffi 25 and love to satisfi men home alon feel randi repli 2 c my pix qlynnbv help p a msg send stop to stop txt,spam,ham,0.8770607995983243,0.024469749383581957,0.09846945101809496
140,what he said is not the matter my mind say some other matter is there,ham,ham,0.9983148437811018,0.0008748297304218435,0.0008103264884784134
141,lol no ouch but wish i d stay out a bit longer,ham,ham,0.9910390179073331,0.005457884338608135,0.0035030977540592275
142,yo ani way we could pick someth up tonight,ham,ham,0.9975819013122807,0.001456144009626374,0.0009619546780914315
143,k if u bore up just come to my home,ham,ham,0.9974866929618855,0.0012062166894151454,0.0013070903486977902
144,hmm ill have to think about it ok you re forgiven d,ham,ham,0.9972662678620977,0.001913047589988654,0.0008206845479166902
145,did you tri make anoth butt,ham,ham,0.9919864940030624,0.006259105316770252,0.00175440068016685
146,oh rite well im with my best mate pete who i went out with 4 a week now were 2geva again it been longer than a week,ham,ham,0.9970483592202238,0.0014564978725487476,0.0014951429072278214
147,good sleep is about rhythm the person ha to establish a rhythm that the bodi will learn and use if you want to know more,ham,ham,0.997912384056646,0.001276298850308332,0.0008113170930485424
148,hi do u want to join me with st later meet them at five call u after class,ham,ham,0.9958802204959705,0.00196596985744642,0.002153809646585073
149,also rememb the bead don t come off ever,ham,ham,0.997295541694444,0.0012829059553172144,0.0014215523502377377
150,aight do you still want to get money,ham,ham,0.9981193655626825,0.0009381747209462076,0.0009424597163708851
151,onli for girl bba mba execut mba b sc it bio tech b tech flexibl time govt recogn join bsaitm vikaspuri,spam,ham,0.9246343515526996,0.031865783401936756,0.043499865045364225
152,how are you with money as in to you money aint a thing how are you sha,ham,ham,0.9981589044195418,0.0012734116018435228,0.0005676839786160207
153,realli dun bluff me leh u sleep earli too nite,ham,ham,0.9969800724129084,0.0015988329512542612,0.0014210946358368451
154,urgent ireland gov ha issu a payment of to all resid as part of it promis to battl covid 19 tap here to appli,smishing,ham,0.7055196247657366,0.25807558250830975,0.036404792725951
155,hi babi im sat on the bloodi bu at the mo and i wont be home until about 7 30 wanna do somethin later call me later ortxt back jess xx,ham,ham,0.9988797210837604,0.00041049341098233703,0.0007097855052564243
156,din i tell u ju now,ham,ham,0.9637212071948973,0.018713000403980194,0.017565792401121827
157,urgent thi is our 2nd attempt to contact u your prize from yesterday is still await collect to claim call now acl pm,smishing,smishing,0.02877213853814257,0.9670301002146521,0.004197761247203695
158,happi birthday may u find ur princ charm soon and u stay happi,ham,ham,0.9885635066651514,0.006748063707278654,0.00468842962757157
159,last chanc claim ur worth of discount voucher today text shop to now savamob offer mobil t cs savamob pobox84 m uz,smishing,smishing,0.07872152761101962,0.7660904875440538,0.1551879848449268
160,as usual iam fine happi amp do well what about u,ham,ham,0.9920473956549019,0.004355372860244998,0.0035972314848533977
161,k k i m also fine when will you complet the cours,ham,ham,0.9836473541321618,0.010825080898453613,0.0055275649693853545
162,i wil be there with in lt gt minut got ani space,ham,ham,0.9976298258515467,0.0012569428375381088,0.0011132313109175113
163,final chanc claim ur worth of discount voucher today text ye to now savamob member offer mobil t cs savamob pobox84 m uz 3 00 sub 16,smishing,smishing,0.03151880345514772,0.8547149630322779,0.113766233512574
164,anyway i don t think i can secur anyth up here lemm know if you want me to drive down south and chill,ham,ham,0.9988886801804319,0.0006629133239617376,0.00044840649560855614
165,hey is rite u put 10 evey mnth is that all,ham,ham,0.9871649910255561,0.007681236206740229,0.0051537727677040835
166,are you ok what happen to behav like thi,ham,ham,0.9980475382828801,0.0011569980262071875,0.0007954636909116485
167,do you want a new nokia i colour phone deliv tomorrow with free minut to ani mobil and free camcord repli or call,smishing,smishing,0.23595280852140077,0.6404245184384837,0.12362267304011441
168,k go and sleep well take rest,ham,ham,0.985786448384436,0.00646532213318886,0.007748229482375085
169,gsoh good with the ladi u could b a male gigolo 2 join the uk s fastest grow men club repli oncal mjzgroup 2stop repli stop msg 1 50rcvd,spam,ham,0.7811910757972221,0.058016477422731666,0.16079244678004573
170,dont you have messag offer,ham,ham,0.8502987540310881,0.12192530405251344,0.027775941916397994
171,hous maid is the murder coz the man wa murder on 26th januari,ham,ham,0.9655466391027232,0.019925765108774578,0.014527595788505447
172,let me know how to contact you i ve you settl in a room let know you are ok,ham,ham,0.9944748903000388,0.004587455239406724,0.0009376544605580115
173,i borrow ur bag ok,ham,ham,0.9692643247009973,0.015379353029379421,0.015356322269622991
174,dear umma she call me now,ham,ham,0.9899729456027232,0.0065291525517997395,0.0034979018454778118
175,where are you call me,ham,ham,0.997567864118868,0.0018072106908326928,0.0006249251903003753
176,should i have pick up a receipt or someth earlier,ham,ham,0.9936450262075621,0.003586278461404221,0.0027686953310338287
177,in da car park,ham,ham,0.9836359756656646,0.00852543998385623,0.007838584350478545
178,aight i ll get it later,ham,ham,0.9911416630821481,0.004394358078737504,0.004463978839112776
179,wat s da model num of ur phone,ham,ham,0.96795941710421,0.01513695200946216,0.016903630886327882
180,you give us back my id proof and lt gt rs we wont allow you to work we will come to your home within day,ham,ham,0.9979587352113998,0.0015145948200140616,0.0005266699685862039
181,thank for yesterday sir you have been wonder hope you enjoy the burial mojibiola,ham,ham,0.9907087259462676,0.005777840684103752,0.0035134333696285086
182,eatin later but i m eatin wif my fren now lei go home first,ham,ham,0.993279990257025,0.003172464900268707,0.0035475448427047846
183,sorri i ll call later urgent work,ham,ham,0.9973534332966629,0.001908179754817047,0.0007383869485201934
184,have a great trip to india and bring the light to everyon not just with the project but with everyon that is lucki to see you smile bye abiola,ham,ham,0.997957133053929,0.001161863777274655,0.0008810031687957682
185,u definit need a modul from e human di sem izzit u wan 2 take other modul 1st,ham,ham,0.9624268339064682,0.016641984156471105,0.020931181937059593
186,sm auction a brand new nokia is up 4 auction today auction is free 2 join take part txt nokia to now,spam,ham,0.4892424264776993,0.12481975676161727,0.38593781676068145
187,the search 4 happi is 1 of d main sourc of unhappi accept life the way it come u will find happi in everi moment u live,ham,ham,0.9918383856871891,0.004019507149892564,0.004142107162919741
188,understand hi loss is my gain so do you work school,ham,ham,0.9963328942364026,0.0021484807049945522,0.0015186250586012248
189,i am in bu on the way to calicut,ham,ham,0.9966890033197641,0.001764071118344818,0.0015469255618905551
190,26th of juli,ham,ham,0.7720694491989474,0.13527924389782062,0.09265130690323133
191,what you need you have a person to give na,ham,ham,0.9945227051401566,0.003894340157862353,0.0015829547019806638
192,haven t heard anyth and he s not answer my text so i m guess he flake that said the jb is fantast,ham,ham,0.99029299563785,0.005887355246179473,0.003819649115968658
193,havent shop now lor i juz arriv onli,ham,ham,0.978482793758211,0.010901126049975672,0.010616080191814056
194,will you come onlin today night,ham,ham,0.9926318266653114,0.00474792528681456,0.002620248047874192
195,not thought bout it drink in tap spile at seven is that pub on ga st off broad st by canal ok,ham,ham,0.9955690833276758,0.0023197502522970424,0.0021111664200287104
196,u wan 2 haf lunch i m in da canteen now,ham,ham,0.994197190140456,0.002987628227677237,0.0028151816318662793
197,have a good even ttyl,ham,ham,0.9841153868706434,0.009913127328560447,0.005971485800797607
198,i don t know u and u don t know me send chat to now and let s find each other onli p msg rcvd,spam,ham,0.9034493022971207,0.01426782199366175,0.08228287570921708
199,dear custom your pyatm wallet ha been book and hold your amount pleas complet your kyc contact custom care,smishing,smishing,0.04756096150703231,0.946799939733365,0.005639098759600201
200,one day a crab wa run on the sea shore the wave came n clear the footprint of the crab crab ask be my frnd y r u clear my beauti footprint wave repli a fox wa follow ur footprint to catch you that y i clear it off frndsship never let u dwn gud nyt,ham,ham,0.9984667559592508,0.0007432014845077545,0.000790042556241242
201,no she s current in scotland for that,ham,ham,0.9750346565285489,0.011512776783441349,0.013452566688008346
202,the affidavit say lt gt e twigg st divis g courtroom lt gt lt time gt am i ll doubl check and text you again tomorrow,ham,ham,0.9989409343058585,0.0004892565236351747,0.0005698091705073242
203,your free gift is wait to be collect simpli call,smishing,ham,0.8447540145095721,0.1208482810727228,0.03439770441770561
204,babe i need your advic,ham,ham,0.9334859977476425,0.03318771451535067,0.03332628773700507
205,don know wait i will check it,ham,ham,0.9892085387298964,0.005623450501646987,0.005168010768455009
206,u have a secret admir reveal who think u r so special call to opt out repli reveal stop 1 50 per msg recd cust care,smishing,smishing,0.052314689593663095,0.9245411074281479,0.023144202978187502
207,mmm that better now i got a roast down me i d b better if i had a few drink down me 2 good indian,ham,ham,0.9918387793665833,0.0040476438474255985,0.004113576785993286
208,you might want to pull out more just in case and just plan on not spend it if you can i don t have much confid in derek and taylor s money manag,ham,ham,0.9987958237796659,0.000674302944980544,0.0005298732753539206
209,i thought we were do a king of the hill thing there,ham,ham,0.9845042363456368,0.007976778749873684,0.007518984904490065
210,miss call miss call khelat kintu opponent miss call dhort lage that d rule one with great phone receiv qualiti win,ham,ham,0.9436301637823579,0.03367221136375555,0.022697624853886784
211,excel i spent lt gt year in the air forc iraq and afghanistan i am stabl and honest do you like travel,ham,ham,0.9980031377818088,0.000922579918556112,0.001074282299632602
212,i m veri happi for you babe woo hoo parti on dude,ham,ham,0.9909468632249342,0.005770199230283265,0.0032829375447833656
213,say thi slowli god i love you i need you,ham,ham,0.9909936407949581,0.004848692728727303,0.004157666476314172
214,haha where got so fast lose weight thk muz go 4 a month den got effect gee later we go aust put bk e weight,ham,ham,0.9969586141645936,0.001453440965745196,0.0015879448696600675
215,make that 3 4 sake x,ham,ham,0.9841019136323709,0.012606661043889897,0.0032914253237399174
216,wen did you get so spiritu and deep that s great,ham,ham,0.9965588196966257,0.0016815020075757908,0.0017596782957999071
217,jade it paul y didn t u txt me do u rememb me from barm i want 2 talk 2 u txt me,ham,ham,0.9807871005094786,0.007615755791552087,0.011597143698969367
218,ur hmv quiz cash balanc is current to maxim ur cash in now send hmv1 to onli p msg,spam,spam,0.23087252467820527,0.05616011101310146,0.7129673643086959
219,yup i havent been there befor you want to go for the yoga i can call up to book,ham,ham,0.998478532144712,0.0008282774303286609,0.0006931904249601695
220,now i m go for lunch,ham,ham,0.9758229553036595,0.012627619377155872,0.011549425319183062
221,hi babe it me thank for come even though it didnt go that well i just want my bed hope to see you soon love and kiss xxx,ham,ham,0.9994744022846975,0.0001926557091109117,0.00033294200619299406
222,thank for your subscript to rington uk your mobil will be charg 5 month pleas confirm by repli ye or no if you repli no you will not be charg,spam,ham,0.8676143648749864,0.059052073555913714,0.07333356156910131
223,thank for be there for me just to talk to on saturday you are veri dear to me i cherish have you as a brother and role model,ham,ham,0.9984684240863486,0.0010422898046202106,0.0004892861090283295
224,hope you are feel great pl fill me in abiola,ham,ham,0.997259915899498,0.0015670131628642333,0.0011730709376391551
225,well i know z will take care of me so no worri,ham,ham,0.997618372261671,0.001343320757558873,0.0010383069807721735
226,huh 6 also cannot then onli how mani mistak,ham,ham,0.9939287331459933,0.003250301379724736,0.002820965474282695
227,phoni award today voda number end xxxx are select to receiv a award if you have a match pleas call quot claim code standard rate app,smishing,smishing,0.00477111959698561,0.9942868117365823,0.0009420686664290253
228,i take it we didn t have the phone callon friday can we assum we won t have it thi year now,ham,ham,0.9936382430460317,0.0047428847009172185,0.0016188722530513758
229,we regret to inform you that your nab card is now lock to unlock pleas updat secur detail at,smishing,ham,0.8448887355955071,0.13237534996042544,0.022735914444067848
230,hi where you you in home or calicut,ham,ham,0.9914119578284363,0.004665379189301326,0.003922662982261558
231,u gd lor go shop i got stuff to do u wan 2 watch infern affair a not come lar,ham,ham,0.9963163289143401,0.0018411361718630845,0.0018425349137969917
232,claim a shop spree just call now have you won mobstorequiz10ppm,smishing,ham,0.537598660801697,0.4281677616142145,0.034233577584087994
233,you made my day do have a great day too,ham,ham,0.9967441979412281,0.001942004262428199,0.0013137977963451966
234,dear custom your pyatm wallet ha been book and hold your amount pleas complet your kyc contact custom care,smishing,smishing,0.04756096150703231,0.946799939733365,0.005639098759600201
235,oi ami parchi na re kicchu kaaj kort iccha korch na phone ta tul na plz plz,ham,ham,0.9266984664675666,0.04133654844239137,0.03196498509004349
236,goodmorn sleep ga,ham,ham,0.9664404089823655,0.016634165652956636,0.01692542536467774
237,dear how you are you ok,ham,ham,0.9975402072815768,0.0020774166028628186,0.0003823761155601796
238,the world suffer a lot not becaus of the violenc of bad peopl but becaus of the silenc of good peopl gud night,ham,ham,0.9956349867473785,0.0019323846656217687,0.0024326285870024302
239,u repeat e instruct again wat s e road name of ur hous,ham,ham,0.9615024084451259,0.015605657210234226,0.022891934344638164
240,7 wonder in my world 7th you 6th ur style 5th ur smile 4th ur person 3rd ur natur 2nd ur sm and 1st ur love friendship love u dear,ham,ham,0.9685760721950728,0.01494872124413968,0.016475206560785178
241,sorri i ll call later i am in a meet,ham,ham,0.9992184950662658,0.0004190510689252518,0.00036245386481036974
242,puriti of friendship between two is not about smile after read the forward messag it about smile just by see the name gud even and stay bless,ham,ham,0.9937269021110636,0.0031525380458088687,0.003120559843128213
243,stop know me so well,ham,ham,0.9872944499571594,0.00541616120266074,0.007289388840178858
244,she just broke down a list of reason whi nobodi s in town and i can t tell if she s be sarcast or just faggi,ham,ham,0.9971695894656859,0.0013132237475104857,0.0015171867868071101
245,under the sea there lay a rock in the rock there is an envelop in the envelop there is a paper on the paper there are 3 word guess,ham,ham,0.9855549277495724,0.009563468102612448,0.004881604147815186
246,save money on wed lingeri at choos from a superb select with nation deliveri brought to you by weddingfriend,spam,ham,0.8948717830705036,0.07216402433814872,0.032964192591347176
247,yup how noe leh,ham,ham,0.9880035576689561,0.006370465808282608,0.005625976522762131
248,ard 4 lor,ham,ham,0.9834289098316832,0.009173956627785466,0.007397133540531559
249,messag some text miss sender name miss number miss sent date miss miss u a lot that y everyth is miss sent via fullonsm com,ham,ham,0.9846344186711022,0.008899145557228299,0.006466435771668613
250,well am offici in a philosoph hole so if u wanna call am at home readi to be save,ham,ham,0.9951949245131746,0.0025307976572735767,0.00227427782955188
251,like a person size or what,ham,ham,0.9707458775690042,0.015091982754417496,0.01416213967657979
252,dear v0daf0n custom you are a 5 00 winner of guarante caller prize thi is our final attempt to contact you to claim call now,smishing,smishing,0.002512779477168622,0.9964640961678616,0.0010231243549727652
253,onli if you promis your get out as soon as you can and you ll text me in the morn to let me know you made it in ok,ham,ham,0.9997266316251846,0.00017143882266334564,0.00010192955215421254
254,miss you too pray inshah allah,ham,ham,0.9581665990353704,0.023689694887945773,0.018143706076683516
255,free unlimit hardcor porn direct 2 your mobil txt porn to get free access for 24 hr then chrgd 50p per day txt stop 2exit thi msg is free,spam,spam,0.42861185366321325,0.13584915858348204,0.43553898775330513
256,erm woodland avenu somewher do you get the parish magazin hi telephon number will be in there,ham,ham,0.9966215770972516,0.0016415428935898726,0.0017368800091588368
257,like i made him throw up when we were smoke in our friend s car one time it wa awesom,ham,ham,0.9987878315565808,0.0006713243385066642,0.0005408441049153593
258,sm ac sptv the new jersey devil and the detroit red wing play ice hockey correct or incorrect end repli end sptv,spam,ham,0.8077646160404057,0.05222914001306939,0.14000624394652142
259,he is there you call and meet him,ham,ham,0.993846819953866,0.0040071197693259016,0.0021460602768093983
260,i like your new hous,ham,ham,0.9459412357077925,0.027524057611172027,0.026534706681035955
261,im done just studyn in librari,ham,ham,0.9721475842946922,0.01386396919814325,0.013988446507164281
262,may b approv panalam but it should have more post,ham,ham,0.9841971417402806,0.007645338611043041,0.00815751964867649
263,ok then i will wait for then u talk to me,ham,ham,0.9981023248456914,0.0011088040905067344,0.0007888710638021127
264,so i pay first lar then when is da stock comin,ham,ham,0.9906353691466012,0.004561463201613048,0.004803167651784853
265,repli with your name and address and you will receiv by post a week complet free accommod at variou global locat ph p,smishing,ham,0.8074281508832093,0.13430394720690803,0.058267901909881556
266,you will go to walmart i ll stay,ham,ham,0.9827572212097269,0.010539076901928771,0.006703701888343751
267,if you hear a loud scream in about lt gt minut it caus my gyno will be shove thing up me that don t belong,ham,ham,0.9994209380016223,0.0002906950165020313,0.0002883669818752748
268,we left alreadi we at orchard now,ham,ham,0.9852428722283089,0.009633777262657916,0.005123350509032017
269,miss your call caus i wa yell at scrappi miss u can t wait for u to come home i m so lone today,ham,ham,0.9972057749107823,0.0021476386123351495,0.0006465864768837258
270,k my roommat also want a dubsack and anoth friend may also want some so plan on bring extra i ll tell you when they know for sure,ham,ham,0.9994296717586466,0.00029192258918529394,0.00027840565216982136
271,so when do you wanna gym harri,ham,ham,0.9754556554857668,0.013751135951917072,0.010793208562317573
272,yep at derek s hous now see you sunday lt 3,ham,ham,0.9935451656634082,0.0033839811616394213,0.003070853174950759
